90
938
61
718
100
574
177
988
184
925
168
67
146
25
267
246
600
468
750
264
474
427
303
733
917
560
41
323
872
640
232
125
986
696
356
576
541
243
727
465
108
786
137
921
847
394
352
370
875
651
63
408
487
294
612
927
892
412
244
511
345
757
559
669
247
993
184
190
533
71
28
765
291
845
28
694
196
899
413
130
126
663
236
89
163
141
904
645
838
396
849
865
745
40
238
824
985
60
665
525
816
531
898
813
951
883
347
688
747
150
362
886
177
320
428
582
286
774
122
13
786
987
920
706
282
43
805
499
750
165
387
634
854
933
43
576
50
831
367
226
83
106
889
917
648
415
925
6
842
599
388
962
18
22
821
887
993
829
119
291
382
43
30
160
10
155
791
873
393
247
167
761
718
420
366
958
407
151
194
6
7
6
509
624
363
701
664
805
914
755
732
109
177
799
10
632
829
579
819
252
259
905
867
868
203
98
756
254
869
481
516
914
889
442
430
148
189
885
10
18
263
742
741
98
16
180
487
705
114
220
819
43
352
407
933
287
800
434
758
530
170
352
416
288
215
817
292
661
831
91
209
482
296
485
147
384
878
41
766
741
155
919
629
215
403
490
699
246
121
577
553
464
533
814
354
601
523
885
190
707
561
918
191
515
848
516
924
603
558
984
318
560
423
152
87
392
296
512
860
100
398
864
677
475
509
928
290
416
100
306
310
344
977
130
429
89
411
719
802
680
302
294
147
539
274
150
69
641
253
685
99
454
172
490
850
244
446
535
14
51
731
226
405
810
292
544
872
315
388
751
116
902
962
771
143
186
321
292
604
632
947
496
8
62
527
647
658
690
205
587
766
10
99
295
142
406
456
904
790
627
327
614
574
946
241
864
507
329
41
704
854
412
28
254
992
176
704
941
924
599
939
71
657
953
835
712
381
869
901
175
919
201
856
257
615
53
851
902
48
855
768
160
903
330
251
54
402
535
742
574
347
823
842
712
479
307
403
593
988
421
620
883
308
868
148
831
289
41
397
100
190
444
477
981
183
675
982
885
227
514
746
935
750
573
394
76
683
534
458
228
685
43
750
596
525
642
831
333
488
663
459
400
799
411
938
987
115
971
287
329
622
714
643
762
719
556
777
82
351
518
879
202
62
952
545
346
180
865
31
193
254
860
336
66
699
944
629
277
784
186
271
480
252
303
795
373
956
51
202
169
659
47
590
173
949
33
324
513
275
452
897
702
113
440
738
262
934
190
564
822
459
420
864
357
705
940
262
289
469
296
453
423
889
380
960
400
735
725
692
306
849
216
797
252
946
717
449
734
972
319
601
883
575
265
691
739
286
231
404
434
156
479
451
646
378
928
529
645
50
561
108
582
438
839
290
181
562
120
35
574
857
762
115
532
865
502
822
702
227
139
475
289
358
766
463
444
892
278
545
510
578
238
410
24
949
747
835
48
653
123
462
448
273
186
876
939
809
354
262
303
512
766
865
422
980
585
484
696
194
682
647
379
746
738
760
240
514
465
710
138
217
403
964
263
223
345
195
68
650
357
999
814
947
868
987
198
636
11
25
42
771
228
684
396
81
712
805
531
535
860
96
894
255
900
203
727
64
662
135
709
543
124
663
888
930
206
134
359
350
725
693
476
773
967
181
300
3
74
729
901
690
91
247
522
66
56
42
185
641
463
346
86
297
4
118
691
271
857
995
879
266
500
814
732
996
949
834
899
529
326
312
88
826
19
90
815
330
370
525
336
511
749
38
839
199
53
417
950
754
82
588
516
576
338
908
197
662
69
359
416
568
551
658
47
420
827
177
23
500
330
236
485
242
198
641
107
75
665
658
864
968
656
491
752
200
313
712
666
724
668
479
480
761
685
946
224
162
905
759
393
979
158
357
332
172
944
278
55
430
639
890
180
689
228
995
194
411
294
884
784
139
614
39
107
483
751
783
678
106
140
957
956
503
703
60
226
751
698
164
928
356
12
709
858
446
841
887
547
161
747
306
550
784
609
770
161
567
633
764
751
49
719
977
849
998
770
673
692
245
455
781
858
822
738
215
611
560
940
509
602
782
51
126
311
584
43
807
420
605
989
238
324
652
986
184
260
198
718
217
868
416
444
709
839
241
386
154
228
236
746
935
756
496
149
698
919
860
74
649
412
401
252
388
178
246
683
759
906
10
380
24
89
167
307
750
255
357
755
795
804
503
558
355
30
475
730
915
348
244
104
288
417
167
313
259
111
429
605
642
22
231
56
202
214
568
722
41
455
621
783
